100
1 22.99695202586463 120.04556954575379
2 23.00902677735443 119.9812294671353
3 22.99833693887072 120.03066257457002
4 23.026671676507075 120.00395261292458
5 23.031852631097703 120.01147199578806
6 23.032268530738367 120.03118432421775
7 23.024861790186673 120.06688040740882
8 22.957247706217135 120.0472536138206
9 23.018704639549536 120.00827987783995
10 23.060636475499052 120.03433038193866
11 23.02279155678007 120.03392783930141
12 23.005772920350054 119.99653268133504
13 23.037853180319424 119.97207770806425
14 23.054536396528352 120.00940310551763
15 23.00089191630852 120.03120216958175
16 23.073314199696032 120.02128932496495
17 22.997575793273068 120.00917606926454
18 23.017956713497117 120.032709624857
19 22.95592994572104 120.01619458355744
20 23.04085585364945 120.00124055580227
21 23.057327921455137 119.98161774915505
22 22.942583240109713 120.02478489996376
23 22.978934484171084 120.02828712300338
24 23.049212209540386 119.95552000723116
25 22.971882184408738 120.00666309324725
26 23.050157656852875 120.05313736951311
27 22.961663261135126 120.05478099393109
28 23.021224276831713 120.05708927847162
29 23.047920731378177 120.01705346832777
30 22.99413543461373 120.03372942896455
31 22.988844780785165 119.99072967650687
32 23.038887530544294 120.0038752944835
33 22.984466640083347 119.9992249289028
34 23.017043444642056 120.04827631910534
35 22.957316043890895 120.01938902783719
36 23.024273222383027 120.0192591626092
37 22.95387826252 120.020426648702
38 23.04277970912138 119.982719646261
39 22.972361492600694 120.02460022966011
40 23.07539138818746 119.97709577562905
41 23.002031861707454 119.99460160324294
42 23.034994990634015 120.02427027150779
43 22.95842906681101 119.98017627479864
44 22.970258843853163 120.0151042603977
45 23.02812689315248 120.0405767931903
46 22.970934927528564 120.03387812466396
47 22.97349346697581 120.01916478479394
48 23.013311351893513 120.04465328987678
49 23.0391819012759 120.04880061243036
50 23.045404926602373 120.01497798305509
51 23.004657228683648 120.05622084146208
52 23.02685497765601 120.03805720320965
53 23.0301891669028 120.01328917977034
54 23.02169356690531 120.0332945806788
55 23.03553547119499 119.97354272866623
56 23.022696028725136 120.0338502237707
57 23.024214780531768 120.00181049721273
58 23.004499165908037 119.9576381587401
59 23.022374598934167 120.03733371282871
60 22.973356664264493 119.98352234861615
61 23.027288823540108 119.9741901216972
62 23.01156919911032 120.00446519701069
63 22.96123914146807 120.00675701422814
64 23.027023048156718 120.01720207558189
65 23.044226982902178 119.9649994209465
66 22.997150090982682 120.0434959220607
67 22.99870581131451 120.01435514539573
68 23.021034680369723 119.98729363664359
69 22.994882916912218 120.02796725711892
70 23.05979837094018 120.05410970888953
71 23.04877482785788 119.9934886902015
72 22.97029557206999 120.01551573756825
73 23.008846441746574 120.00972564033108
74 23.007558333813137 119.96784507121046
75 23.017256039212125 120.06776882397267
76 22.997457706624736 119.9617201792887
77 22.965981263954617 119.97601431851363
78 23.012189490727078 119.99350641081422
79 23.054220405643296 120.03575264014091
80 23.059290169556768 120.07058651870157
81 22.95972052676986 120.01461687969662
82 23.03780541889225 119.99380325051024
83 22.976075318765737 120.04432848530065
84 23.01403640429872 120.06591793162633
85 23.043674252285687 119.96971202542136
86 23.048054327956027 120.02362416703279
87 23.017136967854288 119.99716229972923
88 23.012539835196105 120.01848540813096
89 23.061848260079437 120.02131735102382
90 23.019305319320765 120.03536364705306
91 23.003384688181814 120.01978228219977
92 23.002550095340602 120.04007329946468
93 23.02036450602718 119.98585600220119
94 22.97239254398371 120.01778615844698
95 23.007928016108362 120.0019310441739
96 22.997560141503406 120.0302923214041
97 23.05161501117197 120.03118959618482
98 22.97036170693388 120.0089487443645
99 22.971188099867756 120.05116493028517
100 23.01416262387439 120.01361219088919
